1.986693308
3.894183423
5.646424734
7.173560909
8.414709848
9.32039086
9.8544973
9.99573603
9.738476309
9.092974268
8.084964038
6.754631806
5.155013718
3.349881502
1.411200081
-0.583741434
-2.55541102
-4.425204433
-6.118578909
-7.568024953
-8.715757724
-9.516020739
-9.936910036
-9.961646088
-9.589242747
-8.834546557
-7.727644876
-6.312666379
-4.646021794
-2.794154982
-0.830894028
1.165492049
3.115413635
4.941133511
6.569865987
7.936678638
8.987080958
9.67919672
9.985433454
9.893582466
9.407305567
8.545989081
7.343970979
5.849171929
4.121184852
2.228899141
0.247754255
-1.743267812
-3.664791293
-5.440211109